% # columns="iteration, evaluation, sigma, axis ratio, bestever, best, median, worst objective function value, further objective values of best", seed=42, Sun Sep 28 16:30:16 2025, <python>{}</python>
1 8 0.20714473263197358 1.0000375007031337 269.33018187854276 2.6933018187854276e+02 277.58050032581195 282.89679893236666   
2 16 0.2550030986335897 1.2362822551652175 263.45386256970147 2.6345386256970147e+02 267.83884805930774 274.8300536772154   
3 24 0.33398878976008745 1.5042136454600574 258.17921014256706 2.5817921014256706e+02 271.5547005774466 1345.8201191925573   
4 32 0.389553768980067 1.606886733848681 255.26901567654477 2.5526901567654477e+02 267.46174068344897 1375.4084339625836   
5 40 0.35719429437720995 1.9877193214585158 255.26901567654477 2.6190843598530358e+02 269.70692381985754 1369.211212311538   
6 48 0.3020689472052789 1.9264034276068882 255.26901567654477 2.6028711057842537e+02 265.01272389466106 277.4874935260765   
7 56 0.2859678672247167 1.7767765991049846 255.26901567654477 2.5729040899899417e+02 264.1668247279749 268.21084748455513   
8 64 0.2609223632068206 1.7856952539354571 255.26901567654477 2.5542978796239899e+02 263.8871279028556 1339.522988371846   
9 72 0.3193754506494653 2.0869067652905917 251.10284939696638 2.5110284939696638e+02 260.6905062312667 1359.8085356836975   
10 80 0.3271363195313964 2.7029781573052456 251.10284939696638 2.5477699713846422e+02 1366.6568397842764 1379.6153882792498   
11 88 0.28333567512552926 2.804680014840788 250.53881141073936 2.5053881141073936e+02 273.6291330576804 1380.5093602508423   
12 96 0.22329494596509394 2.968129089461127 250.53881141073936 2.5140823651742090e+02 263.56905146380734 1376.5473464553377   
13 104 0.19597572724081952 3.2888463730339903 250.53881141073936 2.5074589432906643e+02 1359.008345850328 1378.4191324418512   
14 112 0.15636327962090676 3.5728541448485513 250.53881141073936 2.5178422794752399e+02 1361.2704573133076 1379.6022377788443   
15 120 0.1597923880076416 4.026820302319213 250.53881141073936 2.5210346696976143e+02 1370.9817969005267 1380.7201468399296   
16 128 0.13170531840925837 3.830398677750672 250.53881141073936 2.5209258487446891e+02 1361.471157063756 1378.5437904908636   
17 136 0.11569185472858914 3.8827877062631164 250.33366204458716 2.5033366204458716e+02 1353.5741017364355 1381.327950432593   
18 144 0.10280242434133739 3.535991704284436 250.33366204458716 2.5046475677518322e+02 254.13990765940886 1379.036980779734   
19 152 0.09696045103430054 3.7792974477414014 250.30781496526618 2.5030781496526618e+02 1373.7568582371448 1381.211908802371   
20 160 0.09705350319633715 3.564928902951662 250.30781496526618 2.5037941038145686e+02 1376.0052770313441 1381.5094039127662   
21 168 0.08710125309246064 3.570772728146641 250.30781496526618 2.5072061482584451e+02 1377.4761612674865 1381.2376258116262   
22 176 0.07340809397094569 3.250229396644758 250.2388222689609 2.5023882226896089e+02 1375.5146920778168 1381.267976426066   
23 184 0.06291336006614374 3.1319247235283463 250.19917519910882 2.5019917519910882e+02 1376.480788469659 1381.5959428572953   
24 192 0.05853548778551242 3.0663134335524393 250.19917519910882 2.5022670725231498e+02 250.63919051373134 1380.6407362849422   
25 200 0.04876509772563529 2.9126611547086174 250.19900993051576 2.5019900993051576e+02 250.3745420744799 1381.4712189722804   
26 208 0.04079839950270948 2.823048298210541 250.19359210396618 2.5019359210396618e+02 1381.1395083543462 1381.8086629150957   
27 216 0.03465607490460067 2.87324782987127 250.19359210396618 2.5019584609100653e+02 1381.447718905481 1381.6959664547608   
28 224 0.03450015824520415 2.8455145231591694 250.19359210396618 2.5022573905265807e+02 1381.6474386702246 1381.7932202858374   
29 232 0.03384047400515523 2.7823517746704245 250.19359210396618 2.5019517687856234e+02 250.234466797997 1381.6920121393816   
30 240 0.03677475456384203 2.5519897125663977 250.19359210396618 2.5019471313377491e+02 1381.7076780707375 1381.7863982269068   
31 248 0.03399574657342023 2.5088495636583357 250.19300427784552 2.5019300427784552e+02 1381.5278837235148 1381.6961902343699   
32 256 0.031175296334279082 2.628704145720793 250.19300427784552 2.5019352565519199e+02 1381.606412901726 1381.7835673116826   
33 264 0.033054016493273906 2.862700081715149 250.19300427784552 2.5020694044286813e+02 1381.415777827392 1381.7194060460035   
34 272 0.031240719054711635 2.4095638226211533 250.19287199303912 2.5019287199303912e+02 1381.2764235123414 1381.7422392769436   
35 280 0.029626838981744816 2.3921541013238476 250.19287199303912 2.5020054968752822e+02 250.2477366654303 1381.7748991449973   
36 288 0.030400545632201563 2.3951744694110935 250.19287199303912 2.5019602874451368e+02 1381.4695874345596 1381.6932817568331   
37 296 0.031079327331754704 2.2056737920580716 250.19287199303912 2.5021052121704255e+02 250.29282520802587 1381.6687715439864   
38 304 0.03401930126231133 2.3708677432423255 250.19287199303912 2.5028905029946250e+02 1381.7179026288857 1381.753844479741   
39 312 0.031548839094037044 2.4233929819957694 250.19287199303912 2.5019506849275487e+02 1381.1179839735544 1381.7147922673425   
40 320 0.02811702937158517 2.474635054405827 250.19224955941309 2.5019224955941309e+02 1381.6550095036928 1381.7836758634157   
41 328 0.029853996473515717 2.708347750240461 250.19224955941309 2.5020422599776771e+02 1381.7133022630378 1381.7521790977084   
42 336 0.028259218936714455 3.025781634865766 250.19224955941309 2.5020401727026177e+02 250.281478018711 1381.7411662457182   
43 344 0.02758882403778553 3.1767541355749414 250.19162177051845 2.5019162177051845e+02 1381.4854599624273 1381.7261563630084   
44 352 0.026855732530275084 3.4736031052457323 250.19162177051845 2.5020450060389672e+02 1381.688193639802 1381.7212453220884   
45 360 0.024503203663479235 3.100604791685082 250.19162177051845 2.5020446090590121e+02 250.2257045692221 1381.6737696463938   
46 368 0.02184601846480552 3.0960541315230534 250.19162177051845 2.5020563635782500e+02 250.22844428883013 1381.5276873884002   
47 376 0.01977801725687057 2.963062354745147 250.19162177051845 2.5019719315734682e+02 1381.5695753064085 1381.7388300571686   
48 384 0.01867055855195148 2.977466425934351 250.19162177051845 2.5019474369774838e+02 1381.6776007783797 1381.7255241183082   
49 392 0.019119832319869474 2.688849139836179 250.19162177051845 2.5020927771901512e+02 1381.7491713005554 1381.7584959967508   
50 400 0.019541532418118863 3.183382481472983 250.19162177051845 2.5021112309014023e+02 1381.693245233145 1381.7365957003085   
51 408 0.01956208062448032 3.671661760920709 250.19162177051845 2.5019401476078087e+02 250.2647584208683 1381.7408665792984   
52 416 0.021113235801573125 3.7207415517889384 250.19162177051845 2.5019816384376128e+02 250.21965387505077 1381.7471818853032   
53 424 0.020242831310956125 4.155288734151092 250.18931241548847 2.5018931241548847e+02 1381.7484910587063 1381.7661676232563   
54 432 0.02009159717544378 4.70260600421673 250.18931241548847 2.5019333025884436e+02 1381.7253805265063 1381.770174178267   
55 440 0.016995717940550843 5.673295847641987 250.18931241548847 2.5020007494934288e+02 1381.52493597883 1381.769572873488   
56 448 0.015038370465541821 6.069395118807168 250.18931241548847 2.5019095689853521e+02 250.22642165580072 1381.761504710019   
57 456 0.014539968440669642 6.016882600900539 250.18931241548847 2.5019002323386133e+02 250.20181836852646 1381.7577646265925   
58 464 0.013726571731551463 5.028748855748858 250.18931241548847 2.5018935672913912e+02 250.19272443437163 1381.7461319899942   
59 472 0.014477573099678872 5.143542411695725 250.18931241548847 2.5018948459197478e+02 250.19620727035732 1381.7667820596535   
60 480 0.013278191345519245 5.57888196646996 250.18913549389669 2.5018913549389669e+02 1381.7646572674544 1381.7740191757582   
61 488 0.012431099276504742 5.915424193468639 250.18913549389669 2.5018944098796288e+02 1381.7459927364948 1381.7717196506321   
62 496 0.010710751221468081 5.908577354349976 250.18913549389669 2.5018914210862059e+02 1381.7597155044518 1381.7735998227545   
63 504 0.009141283978149768 6.336323167272718 250.18913549389669 2.5018922695262791e+02 250.19051962434435 1381.7720228319215   
64 512 0.008429527926752113 6.972616405405111 250.18884139557068 2.5018884139557068e+02 1381.7574930639987 1381.770231226768   
65 520 0.00799084730061585 6.089185287496393 250.18876276986995 2.5018876276986995e+02 250.1893892448395 1381.7696347727492   
66 528 0.008700616501900602 6.108338268371869 250.1887468775288 2.5018874687752881e+02 250.18929276682547 1381.7734190495976   
67 536 0.007705854195656183 5.716812191205946 250.1887468775288 2.5018882745427595e+02 1381.768757827314 1381.7750162199732   
68 544 0.006649800338667646 6.922460895108198 250.1887468775288 2.5018892307206278e+02 250.18990745939058 1381.7736159677215   
69 552 0.0063139508038262265 6.626369887840943 250.1887468775288 2.5018876132178406e+02 250.18931612149163 1381.7732326080375   
70 560 0.005974526054402152 7.766684733824232 250.1887468775288 2.5018879542753535e+02 250.18925002120608 1381.7737403788433   
71 568 0.005706269001903743 8.20800577374527 250.1887468775288 2.5018887064198742e+02 1381.7723984128456 1381.7736761809235   
72 576 0.005373867756723754 8.76764629658952 250.1887468775288 2.5018883295879425e+02 1381.769672596927 1381.7738068940564   
73 584 0.005159759330661565 8.175486441570351 250.1887468775288 2.5018900598683922e+02 1381.773380171594 1381.7739064762336   
74 592 0.004904265988996013 8.803225792494946 250.1887468775288 2.5018895882377362e+02 1381.7719390739067 1381.7736503411438   
75 600 0.0042541117594788805 9.385915055965162 250.1887468775288 2.5018898086915237e+02 1381.769631616485 1381.7724459449064   
76 608 0.003601388204014431 10.366182173594863 250.1887468775288 2.5018896351390225e+02 1381.7732401116662 1381.7735537776816   
77 616 0.0029128292397955463 12.189030791976894 250.1887468775288 2.5018885090190469e+02 250.18906994733203 1381.7726309550717   
78 624 0.0030693956584898195 12.133937280749537 250.18874168360736 2.5018874168360736e+02 1381.7730071459428 1381.7734480965164   
79 632 0.002994121177018332 12.51459649842161 250.18874168360736 2.5018876045467664e+02 1381.7737023696438 1381.7741721518603   
80 640 0.002710271626050277 12.644482851994361 250.18874168360736 2.5018875341062798e+02 1381.772753610662 1381.773958265797   
81 648 0.0028963050355323497 13.63676244710699 250.18874168360736 2.5018876844523172e+02 1381.7736256163785 1381.774262315237   
82 656 0.0027337017305667784 14.325444767072646 250.18871855363795 2.5018871855363795e+02 250.18907665276907 1381.774186177812   
83 664 0.0023270110095677814 13.90138726991546 250.18871855363795 2.5018875676686346e+02 1381.7739482626394 1381.7742622653993   
84 672 0.0020580571174248627 14.384984099228491 250.18871855363795 2.5018872929447122e+02 1381.7741100198382 1381.7743183803602   
85 680 0.00205776859762677 15.076960113483432 250.18871855363795 2.5018872872809132e+02 1381.7738367220718 1381.7741956860077   
86 688 0.0026098947329580464 13.793656158943776 250.18871855363795 2.5018873752633021e+02 1381.7740012745155 1381.7742435501136   
87 696 0.0026561257763320655 15.03018797889257 250.18871855363795 2.5018877311785349e+02 1381.774174022618 1381.7742763683905   
88 704 0.0023837841388969516 15.580945148129967 250.18871855363795 2.5018872462417167e+02 250.18897969629285 1381.7744195496207   
89 712 0.0021252233180615175 14.501361539702126 250.18871312021525 2.5018871312021525e+02 1381.7741306857852 1381.7742777248318   
90 720 0.0016381053246427811 12.165653618406045 250.18871312021525 2.5018872198496294e+02 1381.7741819076673 1381.7743802035543   
91 728 0.0021229261832679674 12.590211012650338 250.18871119464958 2.5018871119464958e+02 1381.7737434358423 1381.7743296950332   
92 736 0.0021374593930823444 11.318624484954498 250.18871119464958 2.5018872142775200e+02 1381.774159786116 1381.7743360848533   
93 744 0.002207423614413653 11.954169320406834 250.18871119464958 2.5018871262478348e+02 1381.7741397355617 1381.774340024033   
94 752 0.0021671317977892436 12.984947570162515 250.18869929257338 2.5018869929257338e+02 250.1887291965257 1381.7741993858283   
95 760 0.0022632287679741066 11.884830543864213 250.18869929257338 2.5018870002072609e+02 1381.774330181263 1381.7744845694576   
96 768 0.0020302756657926604 10.977865085004117 250.18869929257338 2.5018871862478790e+02 250.18878033128436 1381.7743947028725   
97 776 0.0017065747283294772 10.867867533019153 250.18869929257338 2.5018870781256220e+02 250.1887688785838 1381.7742668451476   
98 784 0.0016680606330239012 11.52238230396622 250.18869929257338 2.5018870788530060e+02 1381.7743000712671 1381.7743641920647   
99 792 0.0018477988490131266 12.124054877759182 250.18869929257338 2.5018870094193537e+02 1381.7741868799258 1381.7744121304925   
100 800 0.0019125694545466586 12.741723577488719 250.18869929257338 2.5018870193021772e+02 250.188730125049 1381.7743703913027   
101 808 0.0020918853090973696 12.325866065540474 250.18869929257338 2.5018870666776243e+02 1381.7742811378446 1381.7744113026808   
102 816 0.001755768188262537 11.086422979471921 250.18869929257338 2.5018870014346561e+02 250.18871803474175 1381.774386586221   
103 824 0.0015643905657502534 10.715877063433583 250.18869929257338 2.5018869955739876e+02 1381.7743241237577 1381.774390475318   
104 832 0.0014968855983419763 10.643856173578992 250.18869511865336 2.5018869511865336e+02 1381.7743719484802 1381.7744470283344   
105 840 0.0013789405127956173 11.104623752547916 250.18869420849882 2.5018869420849882e+02 1381.7743332293153 1381.774505639469   
106 848 0.0012852522057106948 10.471535175854942 250.18869420849882 2.5018869539222442e+02 1381.7743693482364 1381.7744477541296   
107 856 0.0012491654411007972 12.882100752580662 250.18869420849882 2.5018869437293466e+02 1381.7744112448133 1381.7745027700782   
108 864 0.0012511129394977118 12.054183907663209 250.18869420849882 2.5018869455305125e+02 1381.774390829946 1381.774489597538   
109 872 0.0015575126550547757 12.632563959747788 250.18869420849882 2.5018869468849803e+02 250.18869774530629 1381.7744624576153   
110 880 0.0017328600098335532 12.8105760148999 250.18868988831488 2.5018868988831488e+02 250.18869629245233 1381.774533869313   
111 888 0.0023628405447345072 11.903523283452392 250.18868988831488 2.5018869683619917e+02 1381.774456599122 1381.7745365455958   
112 896 0.002632741031823141 13.087898384064465 250.1886842937662 2.5018868429376619e+02 1381.7743233256822 1381.774542902871   
113 904 0.0029448986731832228 10.841295543012382 250.1886842937662 2.5018868650116269e+02 250.18869915585836 1381.7745654890173   
114 912 0.003057804874868979 10.855798493427192 250.1886842937662 2.5018868845516602e+02 1381.774445550534 1381.774544691564   
115 920 0.0036184995536777745 11.113037310877205 250.1886842937662 2.5018870924326666e+02 1381.7744902035743 1381.7745115645725   
116 928 0.0036568420839928426 12.692711695285082 250.18868083088242 2.5018868083088242e+02 1381.7737888141926 1381.7743675570869   
117 936 0.003527765157723202 13.02291946441994 250.18868083088242 2.5018868929620237e+02 1381.7744545673072 1381.7747239648616   
118 944 0.0036476933822737843 15.297375344708259 250.18868083088242 2.5018870465884385e+02 1381.7744084951942 1381.774599220464   
119 952 0.0037759560856203763 16.931770302103438 250.18868083088242 2.5018870036456198e+02 1381.774197253546 1381.7744017997998   
120 960 0.0035695509825326827 19.049357046513695 250.18868083088242 2.5018872164473342e+02 250.18888574848194 1381.7740102177656   
121 968 0.0034675556379465365 19.96064352240114 250.18868083088242 2.5018872650185600e+02 1381.7740977821861 1381.7743532209563   
122 976 0.0032707378211838567 16.68883473940319 250.18868083088242 2.5018869382427985e+02 250.18879995228767 1381.7739549642724   
123 984 0.0033024575985980413 16.6902441315038 250.18868083088242 2.5018868648640347e+02 250.18880189108768 1381.774525031349   
124 992 0.003197195094571386 15.110984468380499 250.18868005807457 2.5018868005807457e+02 1381.7734837177452 1381.7744373161004   
125 1000 0.0031946681011606297 14.189496219010488 250.18867722562845 2.5018867722562845e+02 250.18873773929283 1381.7744748081802   
126 1008 0.0026785269021406097 14.481483997470313 250.18867722562845 2.5018868254716187e+02 250.18875414406565 1381.774303865906   
127 1016 0.0023976039128935055 14.198015331585589 250.18867537045216 2.5018867537045216e+02 1381.7743846721773 1381.774445188283   
128 1024 0.00213457668189124 13.772755784024564 250.18867537045216 2.5018868217033548e+02 1381.774463711995 1381.7745680396902   
129 1032 0.0024631278757774855 16.003455782915204 250.1886685764598 2.5018866857645980e+02 250.18868181810035 1381.774479108953   
130 1040 0.0025429855376728648 13.022646185338248 250.18866752677974 2.5018866752677974e+02 1381.7745661843933 1381.7746177617241   
131 1048 0.0029548622655713014 12.54814119631341 250.18866364377936 2.5018866364377936e+02 250.18867468849305 1381.7743700083029   
132 1056 0.002765138451870699 11.589692598010595 250.18865934179905 2.5018865934179905e+02 250.18869672241385 1381.7745571289774   
133 1064 0.0026665751479893547 11.086689569319104 250.1886584982675 2.5018865849826750e+02 1381.7745200756315 1381.7746883105415   
134 1072 0.002345787400727544 11.689763476503412 250.18865585798767 2.5018865585798767e+02 1381.7745493343164 1381.774696001713   
135 1080 0.002111578856423487 12.741255023896729 250.18865585798767 2.5018866437864705e+02 1381.7745877389916 1381.7746539475652   
136 1088 0.0022100264441796743 14.691333011976571 250.18865585798767 2.5018866390134883e+02 1381.7745775008075 1381.7746173511202   
137 1096 0.002054231482826738 16.300140972343495 250.18865585798767 2.5018865733568725e+02 1381.7746110639278 1381.7746689858095   
138 1104 0.0019504838599644892 17.743988552295775 250.18865585798767 2.5018865858855176e+02 250.18866331466165 1381.774647367162   
139 1112 0.0017214982449865553 17.231631881758464 250.18865585798767 2.5018865752291930e+02 1381.7745623479439 1381.7746610110416   
140 1120 0.001542308846931272 18.04156740787187 250.18865585798767 2.5018865748027164e+02 250.18866321895325 1381.7746934968836   
141 1128 0.0012051283607005321 17.23409792985464 250.18865585798767 2.5018865793612491e+02 1381.7746676969543 1381.7746952881075   
142 1136 0.0009817231744952257 17.68490541352444 250.18865585798767 2.5018865899611984e+02 1381.7746610774113 1381.7746952716507   
143 1144 0.000834895086918998 16.71924881963894 250.18865585798767 2.5018865797305091e+02 250.18866012699584 1381.7746898851885   
144 1152 0.0009858586365288232 17.642277549230933 250.18865585798767 2.5018865829649673e+02 250.188658840779 1381.7746688010839   
145 1160 0.0009896694929323491 20.457752847586384 250.18865585798767 2.5018865717757450e+02 1381.774679034395 1381.7746901165515   
146 1168 0.0011386391582038548 16.459192056518237 250.18865585798767 2.5018865656378424e+02 1381.7746666668304 1381.774675009312   
147 1176 0.001209020173347049 15.605340858656959 250.18865585798767 2.5018865607387909e+02 250.18865783608584 1381.7746956514356   
148 1184 0.0010297456689298426 16.55416363696148 250.18865585798767 2.5018865690640803e+02 1381.774688861599 1381.7747008682352   
149 1192 0.000920660963243901 18.39165612284922 250.18865585798767 2.5018865679771508e+02 1381.7746857348277 1381.7746998750758   
150 1200 0.000972697046781036 20.708952945992568 250.18865585798767 2.5018865774502763e+02 250.18865875216255 1381.774686196402   
