% # columns="iter, evals, sigma, 0, fitness, xbest" seed=42, Sun Sep 28 23:53:26 2025, <python>{}</python>
1 8 0.20714473263197358 0 269.2386256933377 0.3993428306022465 0.27234679410284973 0.6295409461033099 0.6046173942197068
2 16 0.23613260349338352 0 267.69645243402397 0.5304450798055022 0.25816886796343863 0.43928269929748004 0.8300833027724914
3 24 0.27719479665730745 0 266.5674336892381 0.4811269371411642 0.0011421918374551502 0.46053378707616255 0.9677326461225878
4 32 0.31009080683333756 0 264.799124969426 0.006030369804878141 0.08558321954658443 0.9214841732820258 0.997118247549142
5 40 0.3818326772842535 0 265.01757870090375 0.2977063767318218 0.06511927647726626 0.9432465716723165 0.9999472065059071
6 48 0.3345435767324302 0 264.8093509648493 0.2706036970120878 0.5067680672167034 0.9999784317743068 0.9959103412918022
7 56 0.31655382752139327 0 264.6531223217065 0.09562313950147897 0.682587028225244 0.9921597811025353 0.9999880011913662
8 64 0.30676011774815715 0 264.6059829227806 0.00015791040133118168 0.1869721961480293 0.9894849894288188 0.9869220010759786
9 72 0.312218744808588 0 264.70488227283585 0.08268099921222705 0.02445711011399859 0.9972365994165825 0.996195960619618
10 80 0.32529499124261624 0 264.7855043964624 0.16261246902144855 0.23614351580131587 0.9838676772460222 0.9999929789205819
11 88 0.350659496796062 0 264.79109370165565 0.4010281931551718 0.12671797762379589 0.9997880924573707 0.9900152579484147
12 96 0.3837473408194289 0 265.1281937540477 0.8267049354682205 0.16531698491482794 0.423513055529983 0.9975083031072688
13 104 0.4408194092241561 0 263.47052449693297 0.9674411000797296 0.26993998599411434 0.7173192177642297 0.9983933116707671
14 112 0.4989148822480979 0 264.72326116310904 0.9396098808064853 0.1609615173314557 0.567293009163159 0.9296945617069702
15 120 0.6388822631219633 0 263.886171397471 0.9606770024775859 0.7992927329314077 0.6749105442993861 0.9699639001723683
16 128 0.517042290002728 0 264.85149358894176 0.9151342085331506 0.5309818337038756 0.5681038235153506 0.9308730696748715
17 136 0.4775418132193975 0 266.365332346813 0.4974704532845719 0.0699270940716264 0.9979694394580948 0.7954708923867908
18 144 0.49327789458997096 0 266.0669518839694 0.5315012776057946 0.860933359899579 0.7213566232890685 0.9221929150427264
19 152 0.43720607350652235 0 263.2642776697957 0.9109856185082206 0.8776488976646435 0.8933953785201394 0.9952468803722825
20 160 0.4684221909114809 0 263.2751206440568 0.8760817532877776 0.8978997805813347 0.9967866953350665 0.9775054219583378
21 168 0.44223681338637477 0 266.2687821739793 0.4637988629679741 0.36630449119007547 0.4715166711612735 0.9995471567092419
22 176 0.36056229448345517 0 263.2678779467113 0.8978719308938916 0.37889053058169286 0.9385405311997645 0.989295409645311
23 184 0.3517299797657483 0 263.1042116203365 0.9360986397533679 0.48656096238540614 0.9999396730979946 0.9581583597273707
24 192 0.31131490923834626 0 263.0614084431233 0.9076270836551792 0.6338069185542843 0.9975674996764233 0.9818864205401531
25 200 0.2700153478555534 0 263.89333487727276 0.7527293354124962 0.9990115805539995 0.9902076581163569 0.9809295253318853
26 208 0.24922929059531565 0 262.45045497087597 0.9981570703117647 0.9034110799931481 0.9926972935528763 0.9851043835848093
27 216 0.24200201025518236 0 262.50750597234696 0.9982334630742888 0.31044989073175566 0.9484923282841096 0.9984618964771468
28 224 0.21163571773828152 0 262.60107747306006 0.9947798726469527 0.9724407296445752 0.9320400512994157 0.9936893234363294
29 232 0.1905647629168819 0 262.41522231271244 0.9953743625304884 0.8385984739198047 0.9771237001033648 0.9972267791476485
30 240 0.18311623421847623 0 262.5740541987698 0.9567236603468626 0.7730371645671308 0.9997770350074406 0.9995500135689398
31 248 0.1728308383425158 0 262.39310371245443 0.9898288707630695 0.7277534194221027 0.995681779033082 0.9972712001060019
32 256 0.14355800092254947 0 262.2903663967119 0.999994795662124 0.7056120289616874 0.9982716787677861 0.9999471754578869
33 264 0.13406214460326532 0 262.32224842411614 0.9967340792932198 0.5669741085962061 0.9973352656384722 0.9999997347357383
34 272 0.11894103720018166 0 262.38032941702335 0.9959119434931302 0.6784245297868716 0.9816513843975 0.9997956113628352
35 280 0.10008325618215955 0 262.32677122822383 0.9989283505958129 0.5850619477140282 0.9929913182215436 0.9994812248551233
36 288 0.08400376219148768 0 262.393917482863 0.9990112151533442 0.522755277088125 0.9789551666677583 0.9978601163069817
37 296 0.09807029864587466 0 262.3469381803102 0.9987488515867027 0.7556779919359995 0.984821219662209 0.9996455766664285
38 304 0.09264672772839423 0 262.36702846673955 0.9999434830187727 0.5869593684337207 0.9809572084681979 0.9989935502870002
39 312 0.08194173700544195 0 262.33533931178124 0.9980508687751848 0.6319458412372301 0.9904117347550254 0.9999572124986451
40 320 0.07136414353143869 0 262.38084072822613 0.9980900018973046 0.5721660244646389 0.9787283360931471 0.9997863454570013
41 328 0.05637371522721722 0 262.35142886258006 0.9987740109917128 0.602929364545947 0.9854196779433398 0.9997482886938963
42 336 0.048769776652690805 0 262.3222193146892 0.9998829687840922 0.6032815576075945 0.9936664757220263 0.9989246748693101
43 344 0.053982105645480755 0 262.3227376759771 0.9989209677863109 0.6898466224820436 0.9913563726922372 0.9999992462522237
44 352 0.05129154490674764 0 262.35666721705155 0.9979548231250064 0.5785309294110825 0.9854881840589377 0.9998798219840536
45 360 0.045040241181744024 0 262.3518159989768 0.9999300290056632 0.5820483767621165 0.9838748357139641 0.9995445426746369
46 368 0.03987879883894112 0 262.36399636284284 0.9997594415104288 0.5525026078187172 0.9812101041137973 0.9995140493286565
47 376 0.0436273133449892 0 262.41835665464487 0.9985224106708226 0.5699974358592379 0.9667168241811844 0.9999924356478546
48 384 0.037347810807189775 0 262.3905824279702 0.9970342293359733 0.599808082406565 0.9771301329753016 0.9999899366137165
49 392 0.038945746174275354 0 262.36376593804556 0.9988669151774178 0.5383781483379049 0.9842173863825172 0.9991215479961313
50 400 0.04531784784415821 0 262.32762236899265 0.999973260918948 0.5963506042233282 0.9893260763348183 0.999958964104231
51 408 0.04601401596195897 0 262.3220781994988 0.9999994207813496 0.6205252530148073 0.9930184512366985 0.9990150199270226
52 416 0.052193173289516934 0 262.3135541174508 0.9979933983083396 0.6128211591395825 0.9998569093299959 0.9988310343369327
53 424 0.04730927650729625 0 262.3309658706395 0.9999976752051127 0.631018820077508 0.9897283145497896 0.9992634476485376
54 432 0.04728502093570128 0 262.32319244770184 0.9998682061563003 0.6098123627823706 0.9975356240873575 0.9973335708262526
55 440 0.038565915524771455 0 262.3313973873096 0.9988853388697648 0.6083131177893064 0.9931484960939679 0.9988500434808891
56 448 0.03650243007407692 0 262.3159867434148 0.9999999855518966 0.623541506776071 0.9934850263206232 0.9994699814544556
57 456 0.032460821624424686 0 262.3240963806471 0.9999891926434584 0.6322647357592228 0.9932661606166455 0.9986554616384893
58 464 0.03076084726649709 0 262.30837611415484 0.999620747702978 0.6190641107661281 0.9974383083107167 0.9990802044991424
59 472 0.03139470481536224 0 262.3141869573175 0.9989406131126701 0.6481964451452624 0.9974706066457273 0.9987998130488828
60 480 0.028315788559662176 0 262.31442161858 0.9990060549502515 0.6219691726708667 0.9957300370300367 0.9995200742469552
61 488 0.027188182130168638 0 262.312747768147 0.9983363260069613 0.5994477109561014 0.9979583997200475 0.9994522949531993
62 496 0.02666384357548819 0 262.3096118179669 0.9990058532015104 0.6220728892483594 0.9977794636397445 0.9992536919034918
63 504 0.024968501396641588 0 262.30637774750693 0.9992661254415102 0.6107136855570865 0.9969463818799028 0.9997791348340738
64 512 0.03425077894365632 0 262.29878586238885 0.9989312007578361 0.6420207373245568 0.9993540325687742 0.9997596009625911
65 520 0.04053869915665494 0 262.2968493633722 0.9993249405460736 0.6329518927251538 0.9990820145915495 0.9998272214853866
66 528 0.045096647528479555 0 262.2906417637436 0.9998092556782974 0.6453206255626378 0.9996762560849755 0.999843944607978
67 536 0.0452109585795892 0 262.292983453851 0.9996622285856831 0.6469585005703686 0.9996745780326635 0.9996949130585261
68 544 0.046698343326108754 0 262.2894856706586 0.9999996820223728 0.6668868034093782 0.9996913232304908 0.9997091343402744
69 552 0.04526075977928676 0 262.2930073401243 0.9996520822845307 0.6624596803334526 0.9999704556982598 0.9995066156527941
70 560 0.04627939719763675 0 262.289470171776 0.9998543520416808 0.6770866489181471 0.9991338487548342 0.9999740738727071
71 568 0.04658670983060889 0 262.2899403284108 0.9999984833586527 0.6395851145770102 0.9993575659666581 0.9999305086705329
72 576 0.04751335720616943 0 262.28685907367196 0.9999999777461991 0.6539985275336038 0.9998379713552177 0.9999998737123785
73 584 0.040745263829955816 0 262.2872846117367 0.9999997118385069 0.6730421933676269 0.9994624205187252 0.9999969054756579
74 592 0.03549552068537077 0 262.2875515677454 0.9997185970906932 0.6833777270644952 0.9997761602118036 0.9999992611374182
75 600 0.03537708480430982 0 262.28572730471745 0.9999958473476579 0.6736365047068134 0.9999026681830382 0.9999948105776577
76 608 0.03320247920039639 0 262.2847286445004 0.9999934421631583 0.6957546882016781 0.9999985159861168 0.999946168852593
77 616 0.02862382857595006 0 262.2867504461903 0.999925602116906 0.668949467136944 0.9998049345225134 0.9999996020428364
78 624 0.02996499366752425 0 262.2852133431969 0.9999720868430932 0.698242872041648 0.9998485020800856 0.9999535314971403
79 632 0.03853950479235116 0 262.28440474978413 0.9998402525787585 0.7138062097538143 0.999999799635031 0.999991457632614
80 640 0.036066071257943186 0 262.28512468686523 0.9998766781419595 0.7085377999425042 0.9998240095900293 0.9999847137552133
81 648 0.035756236861344055 0 262.28506894400317 0.9997410315584472 0.7131889168589829 0.9999995673803486 0.9999969895486273
82 656 0.03436837256871654 0 262.28496974237083 0.9999440063882876 0.7332085290482857 0.999354820519147 0.9999898078828963
83 664 0.032413360008330436 0 262.28421234666274 0.9999744050112175 0.7013876571311208 0.999972341695556 0.9999937022636054
84 672 0.03008108409614986 0 262.2833124095882 0.9999399128934192 0.7282899511996908 0.9998852675035836 0.9999957506165631
85 680 0.029243710988428467 0 262.28323339766246 0.999993733763233 0.717374199475344 0.9999940239446918 0.9999857230612479
86 688 0.03444656123507488 0 262.28482933223614 0.9999999931258425 0.6975508276936995 0.9998074948451132 0.9999932929365077
87 696 0.02725811047405548 0 262.2836843624141 0.9999807059290613 0.7097522463956751 0.9999821141629252 0.999994809814904
88 704 0.025190040911188448 0 262.2833398494857 0.9999882460988568 0.7163836347412025 0.9999658879152366 0.9999947123290213
89 712 0.028349616104098554 0 262.28315382048663 0.9999149083372338 0.7366883171440173 0.9998437875639511 0.9999981792752414
90 720 0.025787931637498887 0 262.28285570216593 0.9999993471285799 0.7242357036009632 0.9999514897455959 0.9999988708218519
91 728 0.024343834319932995 0 262.2831563797085 0.9999771403135029 0.7252840027404017 0.9998926552184675 0.9999995197600406
92 736 0.018609175664146445 0 262.28322911140157 0.9998962906782808 0.7322230533956142 0.9999380851064785 0.9999938054782954
93 744 0.018232668991896128 0 262.28346893780207 0.9999375818628038 0.7342433833542195 0.9997803505456334 0.9999863819799159
94 752 0.01416189293726408 0 262.28319449461037 0.9999192892878646 0.7292879863930695 0.999952944746865 0.9999919232225656
95 760 0.014110941840090882 0 262.2829911852556 0.999987053646733 0.7225516463340993 0.9999741784448825 0.9999944597240542
96 768 0.012537216390351559 0 262.2830270828794 0.9999738607000948 0.7278465591480077 0.9999157677123736 0.9999922039438611
97 776 0.012310492664848498 0 262.2830523019346 0.9999861350946375 0.7221961399978916 0.9999658410057303 0.9999938311845229
98 784 0.01382356620610697 0 262.2830535984651 0.9999868950336527 0.720094267158446 0.9999794778804194 0.9999999118559297
99 792 0.014371288128743569 0 262.28303235359465 0.9999967283203308 0.7215941245170014 0.9999703475954805 0.9999899237108382
100 800 0.015143547780043204 0 262.2829994945993 0.9999972953241149 0.7258128065739748 0.9998943985335768 0.9999977636036993
101 808 0.014317667655109584 0 262.28302625198734 0.9999532989525006 0.7303062364455715 0.9999521214944471 0.9999793965265751
102 816 0.014173814049325394 0 262.28294404127985 0.9999856562569981 0.7229654492758972 0.9999715435930618 0.9999991286158552
103 824 0.012213076914308028 0 262.28305809412643 0.9999769614510293 0.7218390761840885 0.9999786368514695 0.9999970948984307
104 832 0.011361131428915384 0 262.28295837017237 0.9999708965340774 0.729841307198486 0.9999295449341278 0.9999849864652235
105 840 0.00937144072027905 0 262.2829692564009 0.9999910979125816 0.7263666463063874 0.9999150275965931 0.9999945047543506
106 848 0.01149203865121689 0 262.2829449311313 0.9999902085874145 0.7311670801433039 0.9998432839268023 0.9999974160658753
107 856 0.012522957490209709 0 262.282890996264 0.9999862887492527 0.731391492634214 0.9998680294111129 0.9999953227286936
108 864 0.013145189917585011 0 262.2829017298962 0.9999925198824932 0.7238398660067733 0.9999555004493925 0.9999997093059184
109 872 0.012334108656117967 0 262.28289875121044 0.9999891559541101 0.7250978190664983 0.9999522805162997 0.9999965244415466
110 880 0.011039517663706921 0 262.2828929103083 0.9999941358163602 0.722909839297678 0.9999772423708827 0.9999965147230708
111 888 0.010789401873054131 0 262.28280776168367 0.9999598908630809 0.7318930924680396 0.9999508044663062 0.999989142547448
112 896 0.012393153717594682 0 262.28280898360583 0.9999910645752693 0.7303177927895552 0.9998858385923943 0.9999999585924236
113 904 0.012094467352974501 0 262.2827496011365 0.9999721404715385 0.7312478735312913 0.999928582757302 0.9999985165127458
114 912 0.011565526246013353 0 262.28275852518766 0.9999736594242928 0.7289406603065431 0.9999562801812694 0.9999992097442826
115 920 0.01116246326430455 0 262.28279564099813 0.9999756830090436 0.7283628410648817 0.9999486669074727 0.9999999960426272
116 928 0.009866277964507533 0 262.28276946099334 0.9999806642885538 0.7333537346330485 0.9998736964805771 0.9999988728607427
117 936 0.01091161195526366 0 262.28278207078426 0.9999691316777789 0.7351040080162501 0.9998720900172964 0.9999964579998307
118 944 0.010900509719644229 0 262.2827303897498 0.9999633592095933 0.7349042071742409 0.9998913805132257 0.9999999966147183
119 952 0.010270871720885465 0 262.28270933666306 0.9999504457345328 0.7370835849380664 0.9998898706230293 0.9999996211934843
120 960 0.009855837837542134 0 262.2827382366906 0.9999645070899199 0.7385577344356948 0.9998327153925003 0.9999994162103708
121 968 0.008406772598090617 0 262.28277865606 0.9999669703797934 0.7377417908029817 0.9998312739132061 0.999998609249095
122 976 0.008395597841736276 0 262.2828340028273 0.9999799284275741 0.7374375473770545 0.9997918441551086 0.9999999945524455
123 984 0.007968195883298333 0 262.282794811596 0.9999819250735275 0.7347207205901156 0.9998405430448583 0.9999999467426576
124 992 0.0066440955282885406 0 262.2827779419363 0.9999791152615084 0.7338474577757792 0.9998642301529834 0.9999998467143612
125 1000 0.006948103186023326 0 262.2827489155645 0.9999723145038346 0.7362678418329385 0.9998481951708604 0.9999999847436418
126 1008 0.007917524577869801 0 262.28271069228236 0.9999620803569845 0.739197047666575 0.9998340212940625 0.9999999031782009
127 1016 0.00843584655230046 0 262.2826814512122 0.9999607765578604 0.7386068340260625 0.9998536119202436 0.9999999546443851
128 1024 0.007728182238246556 0 262.2827389795223 0.9999724490769075 0.7378566905903239 0.9998273956863135 0.9999996234013736
129 1032 0.007336361693136325 0 262.28275466839654 0.9999781041224579 0.7351131680809442 0.9998530376455086 0.999999989065007
130 1040 0.006992576853179769 0 262.2827940935578 0.9999796549720346 0.7349339729971047 0.9998425254678839 0.9999996963265668
131 1048 0.006285595996809266 0 262.28273299179637 0.9999644732101878 0.7390054773708539 0.9998272385586927 0.9999994750135853
132 1056 0.008938417217781047 0 262.2827074555475 0.9999701127149967 0.7356953129570922 0.9998739988671504 0.9999995168844825
133 1064 0.010862672909882761 0 262.2826646429607 0.999939104568555 0.7411540748625332 0.9998637118634498 0.9999989216896196
134 1072 0.012747005296059618 0 262.2826720773136 0.9999653764904513 0.7345825625410407 0.9999131600333232 0.99999830672754
135 1080 0.012336859168035818 0 262.28267763528265 0.9999558601616829 0.7375186782659091 0.9998814244244382 0.9999997129180239
136 1088 0.012317859857166606 0 262.28272413017174 0.9999454367968841 0.7354713759492906 0.9999261801010207 0.9999972679063225
137 1096 0.013784711226165943 0 262.2827335905514 0.9999563856230109 0.7339070112941088 0.9999234101342995 0.999998358515661
138 1104 0.011568144479529792 0 262.2827096378393 0.9999575947709096 0.7349507219677291 0.999910458994773 0.9999989016790026
139 1112 0.011129405724989643 0 262.28273851999944 0.9999604743715163 0.7330084012072708 0.9999258557460811 0.9999991064580039
140 1120 0.010896239294255065 0 262.2826870998093 0.999960368749807 0.7345647255536096 0.9999148166011752 0.9999998452840178
141 1128 0.009474872931098418 0 262.28273098941287 0.9999492129811101 0.7347608294719863 0.9999295659683093 0.9999966053093309
142 1136 0.01019252386292249 0 262.2826980565738 0.9999456041367671 0.7338805148330387 0.9999502496940301 0.9999999748330439
143 1144 0.009760090938746973 0 262.2826773477673 0.9999543330094824 0.7343585432511746 0.9999333252725748 0.9999994575336253
144 1152 0.009864476709061343 0 262.282689427547 0.9999570159618308 0.732353328056649 0.999954114571535 0.9999998974521852
145 1160 0.011537596617435435 0 262.2826305673119 0.9999305448436425 0.7391532386669379 0.999917573324271 0.9999999952914056
146 1168 0.01339176764164668 0 262.2826188500688 0.9999407246576455 0.7384402770012057 0.999912410793023 0.9999999030925225
147 1176 0.013733010884505016 0 262.28259009526266 0.999944870015129 0.7391300012225424 0.999902003995145 0.9999998695016453
148 1184 0.01522616393172989 0 262.28255646529055 0.9999359563183913 0.7392652546979248 0.9999286338945339 0.9999990593070485
149 1192 0.012322952959685291 0 262.2826187637783 0.9999396384118401 0.7382439708564212 0.9999179437508431 0.9999997458599428
150 1200 0.013384598003094035 0 262.2825670606605 0.9999195658568759 0.7419893249139144 0.9999139682596685 0.9999996139820823
